125.82107543945313
118.69474029541016
122.73464965820313
120.85182189941406
120.06155395507813
124.06594848632813
115.79792022705078
124.5317153930664
125.91668701171875
113.89702606201172
121.96358489990234
113.79177856445313
115.28654479980469
125.03575134277344
116.68311309814453
122.60718536376953
115.1719970703125
122.165283203125
124.73597717285156
122.0644302368164
117.86446380615234
121.06086730957031
120.78323364257813
118.64698028564453
119.5798110961914
122.55516815185547
121.31112670898438
124.26863861083984
121.4927978515625
119.56747436523438
118.5977783203125
111.56028747558594
119.22885131835938
117.05329895019531
121.13693237304688
128.03919982910156
115.71221160888672
118.58272552490234
124.67375183105469
120.79627990722656
119.02574157714844
121.14549255371094
119.60550689697266
121.19169616699219
120.44761657714844
118.0531234741211
121.447265625
119.10897827148438
120.50546264648438
119.81953430175781
119.1824951171875
121.83328247070313
113.76795959472656
119.29960632324219
125.37712860107422
119.76862335205078
117.7890853881836
121.0245590209961
118.10335540771484
117.0649185180664
116.23715209960938
118.29532623291016
120.1758804321289
124.75223541259766
116.6524887084961
119.98600006103516
119.15596771240234
122.31369018554688
120.25199890136719
115.26154327392578
120.12745666503906
121.39326477050781
112.14183044433594
118.44950866699219
120.1329345703125
118.47883605957031
125.92073059082031
121.0418701171875
118.25260925292969
117.7563247680664
118.7102279663086
118.70061492919922
119.29344940185547
119.50402069091797
119.21615600585938
123.47276306152344
119.7821044921875
117.7223129272461
121.50297546386719
123.47045135498047
119.57572937011719
120.56259155273438
123.72767639160156
123.41634368896484
114.3255615234375
119.31897735595703
122.51167297363281
121.28339385986328
119.88903045654297
122.14185333251953
133.0246124267578
113.92276000976563
122.36724090576172
121.46504974365234
117.03953552246094
122.68085479736328
116.59700012207031
124.32363891601563
116.13850402832031
121.9853515625
114.8352279663086
120.4581298828125
114.5302505493164
123.80563354492188
113.51500701904297
119.96585083007813
114.9381103515625
117.97746276855469
125.23541259765625
126.26422882080078
125.42617797851563
121.72489929199219
122.45305633544922
124.56197357177734
126.0222396850586
117.46550750732422
119.33318328857422
119.80354309082031
115.41010284423828
114.3145980834961
124.75370788574219
120.69112396240234
120.88736724853516
119.96458435058594
118.8333511352539
117.74966430664063
115.88211059570313
118.68988800048828
121.31356048583984
122.59536743164063
120.53974151611328
122.58707427978516
120.09638977050781
118.79913330078125
123.1305160522461
116.58808898925781
120.63108825683594
125.1769027709961
120.36588287353516
124.12834930419922
120.67135620117188
113.96605682373047
119.850341796875
117.39905548095703
126.20764923095703
119.96939086914063
115.85332489013672
118.15914154052734
123.00823974609375
123.56853485107422
123.1453857421875
125.71861267089844
120.2538833618164
119.22257995605469
122.34890747070313
118.76303100585938
120.40693664550781
118.8349609375
116.75353240966797
115.824462890625
125.7104263305664
120.62047576904297
119.26644134521484
118.98677062988281
123.77054595947266
113.69987487792969
123.97036743164063
119.2314453125
118.55265808105469
118.45774841308594
116.88365936279297
116.801025390625
122.0007553100586
118.06865692138672
119.94459533691406
120.99751281738281
120.6972427368164
120.03215789794922
116.10289001464844
120.46758270263672
118.77645874023438
121.78280639648438
119.71731567382813
120.13211059570313
118.51422882080078
119.4015121459961
121.92072296142578
118.94450378417969
119.7344741821289
124.47364044189453
128.81466674804688
117.60167694091797
122.6645736694336
121.83181762695313
117.09054565429688
123.28252410888672
117.54598236083984
127.8123779296875
117.15320587158203
119.58636474609375
119.58422088623047
123.8678970336914
116.6494140625
117.753662109375
119.44503784179688
118.04059600830078
119.35348510742188
121.82443237304688
123.01150512695313
121.62420654296875
123.86176300048828
125.49016571044922
121.56546783447266
123.15314483642578
121.08089447021484
116.84557342529297
115.86550903320313
124.12860870361328
114.82658386230469
111.87274169921875
120.64612579345703
118.32380676269531
113.6806869506836
118.76742553710938
123.78691101074219
115.8576431274414
119.85591125488281
122.91511535644531
115.929931640625
120.17626190185547
115.020263671875
123.74687194824219
119.67024230957031
126.66487884521484
123.34711456298828
117.7417221069336
123.46296691894531
117.35202026367188
125.65934753417969
118.35774993896484
116.74955749511719
119.92630767822266
118.7794189453125
116.69766235351563
116.1495361328125
116.332275390625
120.1264877319336
118.54508972167969
116.32000732421875
113.94762420654297
120.7730484008789
121.02198028564453
122.83821105957031
118.40058135986328
116.04835510253906
119.6496810913086
121.11698913574219
121.10460662841797
122.93634033203125
115.6932373046875
119.10678100585938
123.72933959960938
118.4344711303711
125.69194030761719
117.45755004882813
117.56161499023438
118.14495086669922
113.02809143066406
117.20387268066406
121.61679077148438
124.8462142944336
115.81922912597656
117.05699920654297
113.41661071777344
115.55591583251953
118.66667938232422
119.82708740234375
120.08173370361328
118.49303436279297
121.77488708496094
116.76792907714844
118.59220886230469
117.67290496826172
118.62210845947266
115.29008483886719
118.22241973876953
122.31527709960938
123.0483169555664
122.2861099243164
119.41474914550781
122.615966796875
116.78565979003906
119.3251953125
118.55713653564453
116.9048080444336
118.79199981689453
116.01850891113281
125.80697631835938
116.21307373046875
116.92947387695313
115.79522705078125
126.05664825439453
116.7166519165039
118.83307647705078
116.32966613769531
123.3819351196289
122.79150390625
127.62104797363281
118.12932586669922
118.80084228515625
120.31495666503906
121.2208023071289
121.2435531616211
124.2242202758789
118.6510009765625
117.32539367675781
120.73688507080078
120.40630340576172
120.484619140625
118.23995971679688
122.33953857421875
122.12147521972656
124.21372985839844
119.45606231689453
119.87763214111328
121.39591979980469
116.2553939819336
118.39635467529297
120.87503051757813
117.00208282470703
117.15137481689453
118.3315658569336
113.03318786621094
115.43685150146484
114.32547760009766
119.06041717529297
122.71171569824219
122.34185791015625
114.81090545654297
117.7637710571289
120.59869384765625
119.59866333007813
116.45649719238281
112.53409576416016
120.20266723632813
121.8280258178711
121.57418823242188
118.18988037109375
121.60295104980469
115.76349639892578
115.76200866699219
122.17082977294922
121.64433288574219
114.906494140625
125.5218276977539
120.2394027709961
118.1933364868164
114.1817626953125
117.01112365722656
122.50148010253906
123.79740905761719
114.2105712890625
122.06661224365234
118.0150146484375
119.02287292480469
115.79424285888672
112.25963592529297
118.38265228271484
126.46936798095703
122.96180725097656
118.78173065185547
116.40876770019531
117.19186401367188
114.558837890625
112.6419906616211
119.43145751953125
121.15646362304688
116.08212280273438
114.52079772949219
118.15034484863281
127.07595825195313
121.15142059326172
121.68961334228516
120.44721984863281
123.13735961914063
123.70296478271484
114.24504852294922
116.82011413574219
123.60234069824219
119.76497650146484
110.29951477050781
114.48253631591797
119.08203887939453
121.75045776367188
115.05396270751953
117.7314682006836
125.27297973632813
118.63545227050781
118.87285614013672
121.1780776977539
117.69563293457031
123.80419921875
118.21246337890625
119.38165283203125
120.60453033447266
124.14967346191406
125.70023345947266
119.99315643310547
119.86376953125
121.39837646484375
124.56513977050781
122.9420166015625
125.34687042236328
114.91371154785156
118.9691390991211
114.99705505371094
123.83967590332031
121.96221923828125
121.00260925292969
121.34406280517578
119.43667602539063
116.22999572753906
117.80345153808594
118.9990234375
119.98627471923828
118.74274444580078
122.11815643310547
123.67694091796875
116.3289566040039
118.085693359375
123.49837493896484
122.36763763427734
122.4869155883789
125.76282501220703
116.87471008300781
123.09861755371094
117.53710174560547
126.61000061035156
111.72325897216797
113.89969635009766
118.11388397216797
125.6252670288086
113.85206604003906
120.29283142089844
120.14935302734375
122.20309448242188
119.4818344116211
117.18728637695313
114.3002700805664
117.02235412597656
122.36725616455078
120.85565185546875
120.25882720947266
121.83748626708984
115.76826477050781
119.8882064819336
124.2562484741211
122.61534881591797
117.43643951416016
118.98790740966797
118.49882507324219
120.93502807617188
122.23895263671875
117.32311248779297
120.44686126708984
117.6290512084961
119.9991455078125
120.4034652709961
123.7232666015625
125.10941314697266
118.45194244384766
117.76717376708984
117.58189392089844
121.5592269897461
116.78648376464844
117.49667358398438
117.69422912597656
118.19036102294922
125.36617279052734
128.1990203857422
119.9188232421875
120.83877563476563
122.85159301757813
124.79903411865234
126.31452941894531
122.42195129394531
122.77676391601563
120.27054595947266
124.36990356445313
123.76998138427734
123.82414245605469
119.0348129272461
121.32913208007813
121.83743286132813
118.33987426757813
118.3414306640625
128.5136260986328
121.20278930664063
118.71453094482422
118.20921325683594
118.09419250488281
117.16681671142578
117.05299377441406
117.85630798339844
113.61084747314453
117.98406219482422
123.4426498413086
120.95384216308594
120.59044647216797
117.54570770263672
119.09503173828125
123.3365249633789
126.00736236572266
117.59457397460938
124.35124206542969
122.74690246582031
112.82157897949219
119.15216827392578
115.45408630371094
117.10770416259766
120.1421127319336
119.58238220214844
120.78158569335938
117.89688110351563
117.25498962402344
122.33192443847656
121.87783813476563
124.13733673095703
120.62528228759766
114.76852416992188
119.78194427490234
119.06629180908203
115.78055572509766
120.68763732910156
118.8855209350586
115.17838287353516
122.74407196044922
120.85201263427734
120.64518737792969
118.63555145263672
119.2938461303711
122.0487060546875
117.36874389648438
119.8508071899414
117.67031860351563
120.94078063964844
118.38571166992188
118.38349151611328
128.7395782470703
115.60885620117188
122.56211853027344
121.08509063720703
118.25883483886719
115.67514038085938
116.71320343017578
112.32337951660156
115.1558837890625
119.29450225830078
121.0635757446289
125.33174896240234
116.03266143798828
120.11802673339844
124.84581756591797
121.14742279052734
120.0844955444336
121.01636505126953
119.09925079345703
115.75599670410156
120.46053314208984
118.6973876953125
115.26178741455078
117.1337661743164
118.39092254638672
125.5805435180664
118.58768463134766
112.99647521972656
117.30175018310547
120.62393951416016
117.01763916015625
116.8728256225586
119.94316101074219
117.82991790771484
117.08060455322266
118.67041015625
122.56278991699219
121.23491668701172
119.621826171875
115.95963287353516
122.9248275756836
116.01902770996094
129.9810791015625
119.48365783691406
121.2951431274414
121.05536651611328
119.95861053466797
117.4259262084961
118.89559936523438
118.59461212158203
119.7265625
120.98394775390625
117.64335632324219
121.83354187011719
126.17839050292969
118.1799087524414
119.613525390625
121.21592712402344
123.24364471435547
117.25740814208984
118.65226745605469
115.01551055908203
119.93659210205078
120.91664123535156
121.8896713256836
120.3648452758789
128.29901123046875
119.424560546875
113.68498229980469
121.73966979980469
117.65070343017578
116.06717681884766
123.85930633544922
124.84078216552734
123.49935913085938
124.28519439697266
118.1964340209961
116.45639038085938
118.72980499267578
123.3841552734375
120.81822967529297
120.40235900878906
114.55857849121094
117.56942749023438
123.6919937133789
122.98204040527344
120.9876937866211
122.83489990234375
121.01346588134766
116.50731658935547
116.86186981201172
115.52035522460938
121.1171646118164
122.627685546875
120.70411682128906
120.61659240722656
121.75460052490234
123.27481842041016
124.0894546508789
116.00897216796875
118.43917846679688
125.46369171142578
119.07440185546875
119.84232330322266
118.9666748046875
118.85379028320313
121.72937774658203
117.92192840576172
121.11246490478516
125.53367614746094
119.82005310058594
117.31745910644531
122.15263366699219
119.2854995727539
122.06706237792969
118.54756164550781
122.52896118164063
126.06257629394531
118.90919494628906
120.30004119873047
118.17870330810547
116.0127944946289
119.81600952148438
117.89849090576172
119.9275894165039
120.22699737548828
119.55657196044922
118.50174713134766
118.66732025146484
119.78695678710938
120.06102752685547
115.97698211669922
118.72102355957031
116.73314666748047
120.57395935058594
120.22620391845703
121.05049896240234
123.88471984863281
117.05169677734375
118.08349609375
118.87127685546875
121.15487670898438
123.34768676757813
122.51336669921875
119.94062042236328
120.1153793334961
124.31333923339844
119.49560546875
123.27597045898438
116.8305892944336
120.06094360351563
121.60986328125
117.63871002197266
123.88587951660156
119.06541442871094
112.41515350341797
122.14276885986328
118.33744049072266
116.70887756347656
123.76484680175781
126.59510040283203
120.39067840576172
116.84306335449219
118.5367431640625
120.52632141113281
116.61601257324219
124.79898071289063
120.08700561523438
123.39445495605469
115.10115814208984
119.46226501464844
123.25482177734375
113.80634307861328
120.97354888916016
125.8544921875
119.9818115234375
117.04841613769531
119.80169677734375
118.8213882446289
115.76007843017578
120.10317993164063
119.22293090820313
115.1052017211914
122.10885620117188
123.92218780517578
122.45361328125
117.51890563964844
119.02043151855469
120.57958984375
120.81046295166016
121.28286743164063
118.87572479248047
118.66230773925781
116.55117797851563
116.55117797851563
118.03177642822266
119.23282623291016
119.17711639404297
120.13887786865234
116.21087646484375
120.33356475830078
122.68714904785156
118.32247924804688
124.10697174072266
121.12675476074219
122.30911254882813
119.83197784423828
121.04610443115234
120.90483856201172
118.50067901611328
119.94332885742188
118.0468521118164
124.95223236083984
119.50367736816406
120.26053619384766
125.2521743774414
117.41825866699219
120.15242767333984
115.0423812866211
123.03547668457031
117.57044982910156
120.55711364746094
123.21437072753906
117.90174102783203
123.8056640625
119.71432495117188
118.40011596679688
121.38353729248047
115.1771240234375
120.81330108642578
120.87798309326172
118.8043212890625
115.05975341796875
116.56380462646484
123.49813079833984
117.74529266357422
119.37759399414063
121.74801635742188
121.0574951171875
119.9992904663086
119.87879180908203
121.44712829589844
139.0354766845703
124.34333801269531
124.9678726196289
122.92948913574219
121.00090026855469
122.62809753417969
120.22571563720703
119.3855972290039
118.36151123046875
121.92668151855469
124.43677520751953
119.6380615234375
119.93418884277344
120.49678039550781
122.36869049072266
120.660400390625
118.9671401977539
115.48340606689453
116.69790649414063
118.78838348388672
125.30147552490234
122.22954559326172
120.84424591064453
126.69940948486328
121.6794662475586
126.36870574951172
120.12081909179688
122.13199615478516
119.81085968017578
116.58647918701172
124.58367919921875
120.76569366455078
120.1409683227539
124.07184600830078
121.09516906738281
116.1458740234375
126.28561401367188
120.96247100830078
123.07341003417969
119.99539947509766
123.01290893554688
118.04916381835938
117.40121459960938
119.90460968017578
121.00215911865234
118.07861328125
119.33297729492188
121.43183135986328
123.45120239257813
121.70405578613281
124.77251434326172
120.90357208251953
117.45423889160156
121.3795394897461
121.35325622558594
120.58866882324219
117.96896362304688
121.6068344116211
118.82377624511719
117.29646301269531
117.19369506835938
118.9843978881836
125.13782501220703
123.35508728027344
122.46220397949219
119.96138763427734
115.6252670288086
121.65837097167969
122.03491973876953
115.55220794677734
124.24081420898438
117.09020233154297
118.66758728027344
120.8063735961914
118.18801879882813
114.49991607666016
116.35479736328125
120.92254638671875
121.4104232788086
119.97248077392578
120.25642395019531
120.15951538085938
121.77104187011719
115.31017303466797
118.07152557373047
124.2982177734375
119.0343246459961
120.40343475341797
121.03760528564453
117.11734771728516
118.46663665771484
120.33964538574219
122.94155883789063
119.50178527832031
117.73589324951172
122.28141021728516
120.32897186279297
118.8648910522461
124.0367431640625
121.35790252685547
