3.3158206939697266
3.5370075702667236
3.447795867919922
3.391150951385498
3.5600051879882813
3.4343221187591553
3.4858884811401367
3.3940982818603516
3.475252151489258
3.446514129638672
3.5031323432922363
3.496493339538574
3.4670584201812744
3.407442808151245
3.5030949115753174
3.5154190063476563
3.6034464836120605
3.451993703842163
3.297384262084961
3.462401866912842
3.5303285121917725
3.620858669281006
3.584181547164917
3.506500244140625
3.35400652885437
3.5280277729034424
3.4493119716644287
3.5323874950408936
3.43796968460083
3.4748451709747314
3.314592123031616
3.4642646312713623
3.465458393096924
3.4983837604522705
3.509431838989258
3.492541790008545
3.632930278778076
3.515009880065918
3.581545829772949
3.6022579669952393
3.541133403778076
3.5790300369262695
3.540087938308716
3.506465196609497
3.50278639793396
3.5828919410705566
3.656661033630371
3.4033660888671875
3.514887571334839
3.4750144481658936
3.497798442840576
3.416978597640991
3.501255989074707
3.563115119934082
3.4555599689483643
3.407993793487549
3.5600147247314453
3.5554890632629395
3.5131003856658936
3.505694627761841
3.570314407348633
3.469458818435669
3.567782163619995
3.4574944972991943
3.5786266326904297
3.43113112449646
3.535478115081787
3.550791025161743
3.534496545791626
3.459259271621704
3.560434579849243
3.3995282649993896
3.456488847732544
3.4891061782836914
3.4586784839630127
3.5878050327301025
3.485210418701172
3.4331419467926025
3.5259642601013184
3.486161231994629
3.4645605087280273
3.412846565246582
3.4866199493408203
3.337923526763916
3.4422154426574707
3.559257745742798
3.4625258445739746
3.421546459197998
3.520371913909912
3.4401438236236572
3.4895176887512207
3.5025434494018555
3.5131568908691406
3.411299705505371
3.5026767253875732
3.506042003631592
3.600080966949463
3.5498621463775635
3.629645347595215
3.4526309967041016
3.2724945545196533
3.5846152305603027
3.4051191806793213
3.4413421154022217
3.554579019546509
3.458051919937134
3.5459866523742676
3.2926580905914307
3.5730016231536865
3.4173972606658936
3.5510194301605225
3.406747579574585
3.504706621170044
3.474888324737549
3.4774882793426514
3.505669116973877
3.6226298809051514
3.475802183151245
3.3457138538360596
3.439753770828247
3.517194986343384
3.6630780696868896
3.5128753185272217
3.5309650897979736
3.5581624507904053
3.5352745056152344
3.572481155395508
3.468467950820923
3.477621078491211
3.5960171222686768
3.4675896167755127
3.6491711139678955
3.4870307445526123
3.506619930267334
3.6231589317321777
3.4250943660736084
3.4691989421844482
3.3683552742004395
3.506032943725586
3.615539789199829
3.4559855461120605
3.564122438430786
3.482917308807373
3.3640716075897217
3.492868423461914
3.446843385696411
3.441270351409912
3.5951952934265137
3.4879438877105713
3.5020687580108643
3.4925107955932617
3.465646505355835
3.5242106914520264
3.5456228256225586
3.5376148223876953
3.647563934326172
3.5157124996185303
3.5315515995025635
3.5137574672698975
3.3995611667633057
3.534801959991455
3.4687278270721436
3.5258171558380127
3.5629072189331055
3.476083755493164
3.5767972469329834
3.5218493938446045
3.464783191680908
3.609835147857666
3.5398168563842773
3.3164079189300537
3.5392231941223145
3.526616096496582
3.383775472640991
3.594081401824951
3.5392236709594727
3.4950315952301025
3.5021109580993652
3.5220563411712646
3.5295426845550537
3.5339908599853516
3.490955114364624
3.4989476203918457
3.5699992179870605
3.503570556640625
3.5159502029418945
3.589907169342041
3.427070379257202
3.5273213386535645
3.5457630157470703
3.6116254329681396
3.538701295852661
3.4618985652923584
3.490996837615967
3.5296459197998047
3.311692714691162
3.5990688800811768
3.5626204013824463
3.4438436031341553
3.4634926319122314
3.3607630729675293
3.5836000442504883
3.464404821395874
3.4354465007781982
3.581913471221924
3.4663589000701904
3.439060688018799
3.3163557052612305
3.5079216957092285
3.5069611072540283
3.4874494075775146
3.3926331996917725
3.7303566932678223
3.5637173652648926
3.596290111541748
3.487309217453003
3.517430067062378
3.562817096710205
3.4788177013397217
3.5714008808135986
3.645188093185425
3.502772092819214
3.530226469039917
3.396176815032959
3.4337003231048584
3.523303270339966
3.457123041152954
3.4257454872131348
3.487335205078125
3.4735405445098877
3.5211710929870605
3.4320623874664307
3.461702823638916
3.484077215194702
3.5085859298706055
3.532855272293091
3.5046892166137695
3.483083963394165
3.5213022232055664
3.513843536376953
3.5368707180023193
3.556460380554199
3.489832639694214
3.5318031311035156
3.503994941711426
3.56469988822937
3.4246485233306885
3.5372819900512695
3.3598473072052
3.5681068897247314
3.393399715423584
3.610262393951416
3.5453615188598633
3.568298578262329
3.526947021484375
3.5047035217285156
3.372832775115967
3.4352493286132813
3.405059337615967
3.497103691101074
3.4302868843078613
3.5577986240386963
3.5157651901245117
3.479464530944824
3.4330174922943115
3.5065908432006836
3.4084887504577637
3.6018693447113037
3.490436553955078
3.598301649093628
3.44647479057312
3.5566272735595703
3.5624842643737793
3.5216400623321533
3.535735607147217
3.5542495250701904
3.6294257640838623
3.5643789768218994
3.5982987880706787
3.5696604251861572
3.4540252685546875
3.595723867416382
3.4597370624542236
3.4816088676452637
3.53132963180542
3.481642723083496
3.5463106632232666
3.519132137298584
3.5623886585235596
3.422678232192993
3.5011143684387207
3.4380264282226563
3.4561548233032227
3.5382561683654785
3.534484624862671
3.4606475830078125
3.582944631576538
3.5793960094451904
3.487196445465088
3.429955244064331
3.5153961181640625
3.6296544075012207
3.539247989654541
3.5314579010009766
3.612950325012207
3.56760311126709
3.3942041397094727
3.479118585586548
3.5936496257781982
3.5613934993743896
3.414835214614868
3.3200511932373047
3.587887763977051
3.4439499378204346
3.4950332641601563
3.39685320854187
3.4599363803863525
3.5087790489196777
3.4749021530151367
3.5944178104400635
3.5449066162109375
3.412149667739868
3.5747480392456055
3.546964406967163
3.573976993560791
3.642472505569458
3.466313123703003
3.440361976623535
3.567643642425537
3.5875961780548096
3.615724802017212
3.50046706199646
3.564863681793213
3.5175294876098633
3.4572787284851074
3.4271116256713867
3.4614369869232178
3.4046905040740967
3.400743246078491
3.473433256149292
3.5648422241210938
3.5421640872955322
3.4962053298950195
3.447291612625122
3.355559825897217
3.5581774711608887
3.4795780181884766
3.5770294666290283
3.5369880199432373
3.719538927078247
3.472949504852295
3.519312858581543
3.490734815597534
3.5787293910980225
3.498378038406372
3.523007392883301
3.527449369430542
3.5995442867279053
3.47806453704834
3.4881484508514404
3.465533971786499
3.499739170074463
3.483912706375122
3.5695700645446777
3.5030453205108643
3.412705659866333
3.4238152503967285
3.4856762886047363
3.3982856273651123
3.486416816711426
3.44132661819458
3.4398858547210693
3.458972692489624
3.546156644821167
3.456782341003418
3.3695220947265625
3.470393180847168
3.5114986896514893
3.4674758911132813
3.4922754764556885
3.4791557788848877
3.545954465866089
3.5549886226654053
3.4890434741973877
3.494291067123413
3.553798198699951
3.4342169761657715
3.493640899658203
3.5993237495422363
3.415099620819092
3.430570125579834
3.55806040763855
3.5358781814575195
3.499972343444824
3.4554061889648438
3.479825496673584
3.448564291000366
3.491931438446045
3.4447529315948486
3.407508134841919
3.514575481414795
3.7404682636260986
3.482250452041626
3.528818130493164
3.6051769256591797
3.5078563690185547
3.358720064163208
3.469803810119629
3.5719223022460938
3.4925060272216797
3.467644214630127
3.4513461589813232
3.4672467708587646
3.5513408184051514
3.6142654418945313
3.470662832260132
3.497411012649536
3.4860644340515137
3.639376640319824
3.640345573425293
3.4882454872131348
3.5257797241210938
3.4769372940063477
3.5871026515960693
3.566377878189087
3.448648691177368
3.387580633163452
3.4145257472991943
3.4487082958221436
3.483961343765259
3.393157958984375
3.4377734661102295
3.313908338546753
3.450366258621216
3.5764527320861816
3.3905301094055176
3.6217150688171387
3.529204845428467
3.563398838043213
3.6165618896484375
3.5737669467926025
3.6488120555877686
3.60007905960083
3.4711170196533203
3.5594637393951416
3.5784242153167725
3.4610164165496826
3.596728563308716
3.480497360229492
3.474031925201416
3.515761137008667
3.438624143600464
3.5532355308532715
3.489978551864624
3.4710586071014404
3.473054885864258
3.4729185104370117
3.460533618927002
3.52331280708313
3.3682754039764404
3.5456180572509766
3.4715611934661865
3.523935556411743
3.5192806720733643
3.469719171524048
3.465099334716797
3.5438685417175293
3.37431263923645
3.5278732776641846
3.4718496799468994
3.4787724018096924
3.5258216857910156
3.4891669750213623
3.50736927986145
3.497795581817627
3.4396417140960693
3.47115159034729
3.596843957901001
3.4985814094543457
3.4879214763641357
3.5548508167266846
3.488272190093994
3.504840135574341
3.4945273399353027
3.46608829498291
3.459451675415039
3.481566905975342
3.495675563812256
3.4083712100982666
3.4349234104156494
3.352271318435669
3.4986989498138428
3.4566378593444824
3.563704013824463
3.4843668937683105
3.4232428073883057
3.6125881671905518
3.5875866413116455
3.461076021194458
3.5349137783050537
3.4814701080322266
3.649704694747925
3.5402722358703613
3.50325083732605
3.6439149379730225
3.5499987602233887
3.376880645751953
3.566317319869995
3.463809013366699
3.4860355854034424
3.4715514183044434
3.4523794651031494
3.420856237411499
3.3946914672851563
3.562706232070923
3.471271276473999
3.443967580795288
3.505202531814575
3.543970823287964
3.5332560539245605
3.4765219688415527
3.4901387691497803
3.5154504776000977
3.5705628395080566
3.626430034637451
3.668787956237793
3.454261302947998
3.664641857147217
3.597775459289551
3.51249623298645
3.6413605213165283
3.5957672595977783
3.4456253051757813
3.593820571899414
3.5679309368133545
3.4826314449310303
3.541050910949707
3.41479229927063
3.4691414833068848
3.4172091484069824
3.454720973968506
3.4383018016815186
3.362492561340332
3.4189906120300293
3.4623239040374756
3.467407703399658
3.4586455821990967
3.4294657707214355
3.5520379543304443
3.4568471908569336
3.530289888381958
3.5791077613830566
3.5525765419006348
3.5091500282287598
3.6640126705169678
3.5201807022094727
3.623335838317871
3.449739694595337
3.5385661125183105
3.4169838428497314
3.513705253601074
3.5607712268829346
3.6785593032836914
3.4196784496307373
3.5701098442077637
3.419485092163086
3.5059869289398193
3.4876623153686523
3.4601738452911377
3.390012741088867
3.5348405838012695
3.405191659927368
3.470214605331421
3.5555508136749268
3.3659002780914307
3.4893505573272705
3.494370937347412
3.4919934272766113
3.602505922317505
3.5205183029174805
3.565688133239746
3.594107151031494
3.5770084857940674
3.559579372406006
3.657392740249634
3.551196575164795
3.587567090988159
3.624964714050293
3.460530996322632
3.6180286407470703
3.51952862739563
3.5528910160064697
3.490771770477295
3.5439774990081787
3.323547124862671
3.4357118606567383
3.520075559616089
3.4905612468719482
3.5271782875061035
3.3903608322143555
3.3757457733154297
3.6384692192077637
3.4597415924072266
3.475828170776367
3.5277743339538574
3.5127182006835938
3.3651211261749268
3.47780704498291
3.4977684020996094
3.4566762447357178
3.535033702850342
3.4952704906463623
3.507842779159546
3.4794225692749023
3.528632164001465
3.5776002407073975
3.516355276107788
3.5350024700164795
3.572059154510498
3.464127540588379
3.4388175010681152
3.4703667163848877
3.5590434074401855
3.5175559520721436
3.5125765800476074
3.4707696437835693
3.419185161590576
3.4603488445281982
3.4696662425994873
3.3645589351654053
3.459774971008301
3.578927516937256
3.562110185623169
3.5381648540496826
3.46298885345459
3.4993555545806885
3.544814109802246
3.492553234100342
3.4830143451690674
3.577443838119507
3.637667179107666
3.484797239303589
3.60062837600708
3.4710404872894287
3.413360357284546
3.4730753898620605
3.4480152130126953
3.418036937713623
3.420536756515503
3.5382797718048096
3.467695713043213
3.4011623859405518
3.4188039302825928
3.465794801712036
3.4761464595794678
3.5212533473968506
3.537938356399536
3.543337821960449
3.3997092247009277
3.353626012802124
3.4727206230163574
3.540046215057373
3.5198230743408203
3.6034257411956787
3.4723329544067383
3.465407133102417
3.514029026031494
3.565885543823242
3.432483434677124
3.4742984771728516
3.482461929321289
3.494933843612671
3.511963367462158
3.5920608043670654
3.621213912963867
3.4239141941070557
3.592588186264038
3.5262184143066406
3.488877296447754
3.601762533187866
3.539684772491455
3.5584874153137207
3.5984692573547363
3.583705425262451
3.4858319759368896
3.6012961864471436
3.51444673538208
3.4442219734191895
3.4899020195007324
3.5336995124816895
3.4938111305236816
3.6363821029663086
3.4987082481384277
3.448584794998169
3.42086124420166
3.485368490219116
3.4954066276550293
3.576246500015259
3.596961259841919
3.559473991394043
3.2843899726867676
3.558891773223877
3.452986478805542
3.508411407470703
3.5099189281463623
3.504611015319824
3.465728998184204
3.494732618331909
3.506175994873047
3.4283292293548584
3.541205406188965
3.439479112625122
3.4416987895965576
3.5046069622039795
3.385546922683716
3.493568181991577
3.437107801437378
3.4603264331817627
3.50989031791687
3.465628147125244
3.5136566162109375
3.5305001735687256
3.572323799133301
3.4832568168640137
3.524602174758911
3.4695401191711426
3.569286584854126
3.559626340866089
3.5476233959198
3.5049664974212646
3.529433012008667
3.522257089614868
3.545637607574463
3.52724027633667
3.512418270111084
3.5438249111175537
3.4776363372802734
3.5317437648773193
3.4754490852355957
3.5025177001953125
3.491274833679199
3.4104559421539307
3.5396647453308105
3.528974771499634
3.5246806144714355
3.5717034339904785
3.541130781173706
3.5519766807556152
3.4948532581329346
3.5258595943450928
3.488044500350952
3.538238525390625
3.5244624614715576
3.5065014362335205
3.4843509197235107
3.5499770641326904
3.447115421295166
3.566354990005493
3.581815242767334
3.613353729248047
3.5537731647491455
3.5985147953033447
3.4627737998962402
3.5409774780273438
3.3161959648132324
3.5182271003723145
3.462191581726074
3.5068724155426025
3.4856319427490234
3.4850118160247803
3.3955955505371094
3.4999239444732666
3.5017967224121094
3.3800079822540283
3.5671839714050293
3.384974479675293
3.53774094581604
3.4385018348693848
3.4011173248291016
3.555934429168701
3.505951404571533
3.484825372695923
3.4935154914855957
3.5829076766967773
3.5541210174560547
3.582334280014038
3.5989673137664795
3.5146872997283936
3.508798599243164
3.547018051147461
3.555508852005005
3.589388370513916
3.433901309967041
3.4721899032592773
3.525972843170166
3.5073330402374268
3.461909294128418
3.530689001083374
3.4821274280548096
3.536144256591797
3.352800130844116
3.4342846870422363
3.472882032394409
3.4334537982940674
3.488770008087158
3.436859369277954
3.487056016921997
3.554689884185791
3.4668946266174316
3.5225911140441895
3.576263666152954
3.475623846054077
3.528132438659668
3.5948691368103027
3.445842742919922
3.5045738220214844
3.5388998985290527
3.5454134941101074
3.501091480255127
3.4876184463500977
3.5346479415893555
3.45794415473938
3.505966901779175
3.458036422729492
3.4135665893554688
3.5206711292266846
3.3639726638793945
3.517143726348877
3.433821678161621
3.457528829574585
3.5634706020355225
3.468240261077881
3.4733171463012695
3.5206308364868164
3.4784462451934814
3.4578816890716553
3.372804880142212
3.492260694503784
3.5607106685638428
3.515380620956421
3.6334457397460938
3.6220712661743164
3.526916980743408
3.5590431690216064
3.497950792312622
3.4509189128875732
3.535806894302368
3.467582941055298
3.678083896636963
3.479116201400757
3.4697699546813965
3.502988576889038
3.443603992462158
3.3828980922698975
3.543606996536255
3.516864538192749
3.510829210281372
3.42246150970459
3.557753562927246
3.5304768085479736
3.376483917236328
3.4686715602874756
3.503830671310425
3.3306431770324707
3.480947732925415
3.488553285598755
3.4262681007385254
3.519059896469116
3.5454540252685547
3.4479167461395264
3.553814172744751
3.4385855197906494
3.5914390087127686
3.4713478088378906
3.4994657039642334
3.556422710418701
3.54468035697937
3.385958671569824
3.506326913833618
3.526212215423584
3.5122134685516357
3.5536744594573975
3.564987897872925
3.5625035762786865
3.6513750553131104
3.4685518741607666
3.476392984390259
3.5247998237609863
3.4239158630371094
3.5180532932281494
3.5677199363708496
3.4721479415893555
3.449699640274048
3.588731050491333
3.557271957397461
3.588062047958374
3.4394052028656006
3.3795559406280518
3.5894947052001953
3.589794635772705
3.4110376834869385
3.453137159347534
3.4730215072631836
3.4971914291381836
3.4774811267852783
3.480492353439331
3.5449585914611816
3.4578769207000732
3.525763750076294
3.473398208618164
3.570847749710083
3.4775633811950684
3.536206007003784
3.7258996963500977
3.3841776847839355
3.5074501037597656
3.5984058380126953
3.414170265197754
3.49416446685791
3.58073353767395
3.444272041320801
3.53439998626709
3.394963502883911
3.457105875015259
3.4014439582824707
3.5180420875549316
3.5810506343841553
3.5520992279052734
3.5044286251068115
3.657439708709717
3.443328857421875
3.6068167686462402
3.550870895385742
3.5004892349243164
3.5398855209350586
3.4049885272979736
3.550358533859253
3.463977336883545
3.387924909591675
3.4760472774505615
3.4071130752563477
3.4893529415130615
3.542677640914917
3.43479585647583
3.5143821239471436
3.4427411556243896
3.523226261138916
3.391348361968994
3.5586771965026855
3.493013858795166
3.5967867374420166
3.4421279430389404
3.6860077381134033
3.61999249458313
3.4726407527923584
3.483024835586548
3.48191499710083
3.4455158710479736
3.581090211868286
3.4667434692382813
3.5931010246276855
3.3840622901916504
3.467817783355713
3.4589154720306396
3.482883930206299
3.4147932529449463
3.515315294265747
3.4449081420898438
3.591386079788208
3.4758830070495605
3.5662848949432373
3.4627394676208496
3.548107385635376
3.449794054031372
3.541433811187744
3.4681813716888428
3.554080009460449
3.578892469406128
3.4716908931732178
3.5574440956115723
3.584829330444336
3.414646863937378
3.667210102081299
3.569533348083496
3.557450771331787
3.6323299407958984
3.5195529460906982
3.545889377593994
3.608351469039917
3.55708909034729
3.4486100673675537
3.5586514472961426
3.503624439239502
3.4974632263183594
3.629395008087158
3.5771660804748535
3.425077438354492
3.396585702896118
3.487522602081299
3.4728803634643555
