0.05 0.0 0.0
0.15000000000000002 0.0 0.0
0.25 0.0 0.0
0.35000000000000003 0.0 0.0
0.45 0.0 0.0
0.55 0.0 0.0
0.65 0.0 0.0
0.75 0.0 0.0
0.8500000000000001 0.0 0.0
0.9500000000000001 0.0 0.0
1.05 0.0 0.0
1.1500000000000001 0.0 0.0
1.25 0.0 0.0
1.35 0.0 0.0
1.4500000000000002 0.0 0.0
1.55 0.0 0.0
1.6500000000000001 0.0 0.0
1.75 0.0 0.0
1.85 0.0 0.0
1.9500000000000002 0.0 0.0
2.0500000000000003 0.0 0.0
2.15 0.0 0.0
2.25 0.0 0.0
2.35 0.0 0.0
2.45 0.0 0.0
2.5500000000000003 0.0 0.0
2.6500000000000004 0.0 0.0
2.75 0.0 0.0
2.85 0.0 0.0
2.95 0.00042612351253980344 3.711125955614933e-5
3.0500000000000003 0.012756528742287962 0.001224671565352928
3.1500000000000004 0.10072152784332057 0.011226156015735166
3.25 0.37461447149088006 0.05082386996214664
3.35 0.8173558369722791 0.14261857047428173
3.45 1.2931620114526874 0.29664885326207974
3.5500000000000003 1.6130027624278998 0.5000742225191122
3.6500000000000004 1.8257691003383802 0.743486973947896
3.75 1.8544353899999257 1.0044533511467377
3.85 1.8272849372119955 1.275495435315074
3.95 1.7509144308331486 1.5488755288354492
4.05 1.7119836406584197 1.8298819861946118
4.15 1.5862261371646886 2.1032620797149835
4.25 1.4626726133242132 2.367642692792992
4.3500000000000005 1.3954152646889169 2.6318748608327764
4.45 1.319923354026186 2.8934350181845168
4.55 1.2666647305696508 3.1558487345060477
4.65 1.2076270058318035 3.4171491130408973
4.75 1.1457286878709338 3.675833147777036
4.8500000000000005 1.1116625296504596 3.937504638907449
4.95 1.1014839198761366 4.207581830327324
5.050000000000001 1.0408437166462565 4.473205670600463
5.15 1.0173159580277744 4.743208639501222
5.25 1.0027469804059392 5.019780301343429
5.3500000000000005 0.9873153258716263 5.302568099161294
5.45 0.9790729978756213 5.593576040970829
5.550000000000001 0.9655409366422053 5.891189786981374
5.65 0.9382878228580327 6.1909188747866075
5.75 0.9565808260214611 6.507403696281449
5.8500000000000005 0.954608765885432 6.834316781711579
5.95 0.9421712428420495 7.168095450159574
6.050000000000001 0.9466443068635486 7.514825948192683
6.15 0.957635571491092 7.877273064647812
6.25 0.9408610076117925 8.245045646849249
6.3500000000000005 0.9694510872059389 8.636216878200846
6.45 0.9666794711178616 9.038651376827719
6.550000000000001 0.9834625751576174 9.460866176798033
6.65 0.9909654207246763 9.899391375343294
6.75 1.0039034916033496 10.357103095079044
6.8500000000000005 1.0167362102244613 10.83450233800935
6.95 1.0242355443489473 11.329566540488381
7.050000000000001 1.0400438236985157 11.846841831811776
7.15 1.0558064798544549 12.386959103391968
7.25 1.0497071994701157 12.939081867438587
7.3500000000000005 1.05219660302692 13.50788614265569
7.45 1.0390404203233554 14.084966228753805
7.550000000000001 1.0522643958302578 14.685185185185189
7.65 1.0487619881414827 15.299357975209672
7.75 1.0490714393801976 15.929878275068646
7.8500000000000005 1.0459554970265788 16.574853410524756
7.95 1.030106115908615 17.226341572032958
8.05 1.0307409717351836 17.894733912268975
8.15 1.0334634851524653 18.581644771023516
8.25 1.0313655674723368 19.284086691902314
8.35 1.0179806523582926 19.994321977287903
8.450000000000001 1.0182073926544697 20.72183255399689
8.55 1.0194387546053856 21.467564759147926
8.65 1.0195482853205577 22.230924812588132
8.75 1.0091900085560488 23.004100794180985
8.85 1.0096909036467017 23.795442737326518
8.950000000000001 1.0026254913269823 24.599105618644685
9.05 1.0038652861738162 25.421843687374743
9.15 1.0018216203334769 26.261151933496595
9.25 1.0091019628576003 27.125139167223367
9.35 1.002692427612094 28.002300898092464
9.450000000000001 1.003012962579332 28.898612038892598
9.55 0.9990338588801354 29.810361463668098
9.65 1.000758222864307 30.742911749424767
9.75 1.00050496378316 31.69464855637202
9.850000000000001 0.9977430459471479 32.6633266533066
9.950000000000001 0.9963129772500121 33.65035626809172
10.05 0.9988911717676591 34.659930973057186
10.15 0.9937231402748228 35.684368737474905
10.25 0.9965963142540513 36.7321123728939
10.350000000000001 1.0096116259010677 37.814350924070396
10.450000000000001 0.9986341285355731 38.90560751131888
10.55 1.0061991229451956 40.026274771765756
10.65 1.0089727721657005 41.17143546351966
10.75 1.0013283867278917 42.32936242856083
10.850000000000001 1.011183029351917 43.520541082164335
10.950000000000001 1.009934006610034 44.73227937356194
11.05 1.0100982223997421 45.9664514213612
11.15 1.0049035027000623 47.21659986639945
11.25 1.0014179694995955 48.484858606101106
11.350000000000001 1.003872437435984 49.77892822682407
11.450000000000001 1.0045329086020913 51.09676760929259
11.55 1.0046169946714372 52.43783864024349
11.65 0.9979374316472879 53.793160394863854
11.75 0.9994377344969306 55.17392191790993
11.850000000000001 1.003729897818142 56.58431678171157
11.950000000000001 1.0076740917441915 58.02425220811992
12.05 0.9998687956343568 59.477046685964496
12.15 1.003739322031615 60.95977139464108
12.25 1.0005172450559083 62.46216507088253
12.350000000000001 1.008440499972815 64.00128033845465
12.450000000000001 1.0002015603829015 65.5526423216804
12.55 0.9958871458501369 67.12222593334812
12.65 0.9976209471479709 68.71969865657238
12.75 0.9956647128965054 70.33934535738143
12.850000000000001 0.9981066423537474 71.98853262079723
12.950000000000001 0.9943063480938853 73.65711051733093
13.05 0.9987474688215132 75.35912565872485
13.15 0.9962260871370691 77.08296222073774
13.25 1.0061196761063722 78.85049729087794
13.350000000000001 0.9982304155665501 80.63074296741634
13.450000000000001 0.9996276101957289 82.44028798337433
13.55 1.0035716067309564 84.28408669190237
13.65 0.9947830987533907 86.13881466636971
13.75 0.9952940977953306 88.0217843093594
13.850000000000001 1.005237624713032 89.95132858309208
13.950000000000001 0.995260607772164 91.88940844652261
14.05 1.005125787835673 93.87486083277666
14.15 1.0026294192593688 95.88367475692127
14.25 1.0034004859659267 97.92254880130625
14.350000000000001 0.9957050851736735 99.97428189712753
14.450000000000001 0.9986141217902992 102.06078824315298
14.55 1.0005698269827266 104.18041638833219
14.65 0.9916570082643636 106.31013879611078
14.75 0.9964109735753442 108.47938469531648
14.850000000000001 0.9984751791835973 110.68269873079497
14.950000000000001 0.9981550592518289 112.91507088250565
15.05 0.9960437233448858 115.15009648927479
